7209036539240600000036193230300813
7209036539334110000000088920111013
7209036539334180000000965030111013
7209036539197220000003935610041013
7209036539196260000000676130031013
7209036539197120000000295430041013
7209036539265850000000031710011013
7209036539248710000005535730090913
7209036539264960000000271630300913
7209036539264930000011791030300913
7209036539197190000000734330041013
7209036539264930000011660830300913
7209036539200360000000633730081013
7209036539257510000008257230200913
7209036539262110000004791330260913
7209036539213710000000009030290713
7209036539227860000000012430140813
7209036539202510000000015330120713
7209036539265990000000951630011013
7209036539261090000001988930250913
7209036539252480000000108730130913
7209036539197650000000158130041013
7209036539197650000000158030041013
7209036539257450000002009230200913
7209036539197180000015583830041013
7209036539252870000000009230130913
7209036539240600000005630130300813
7209036539195510000000538210021013
7209036539249750000000724030100913
7209036539235280000000210430230813
7209036539195600000003765530021013
7209036539245880000000295120050913
7209036539245860000002949230050913
7209036539197240000006677130041013
7209036539200900000001923330091013
7209036539201050000011848430091013
7209036539201050000012276030091013
7209036539198880000000842130071013
7209036539197150000002176030041013
7209036539335140000000193510141013
7209036539264900000002397730300913
7209036539198180000000525130071013
7209036539197180000002237330041013
7209036539337160000000048110151013
7209036539261150000007407530250913
7209036539211160000000056930240713
7209036539260570000000704830240913
7209036539257450000000345930200913
7209036539236600000004769510260813
7209036539198940000001495030071013
7209036539236620000020978230260813
7209036539197150000001803330041013
7209036539259220000015869330230913
7209036539257420000003884230200913
7209036539252510000008599830130913
7209036539259220000005901030230913
7209036539253050000000485930130913
7209036539228570000001747730140813
7209036539254590000001465530160913
7209036539252070000000490630120913
7209036539255210000000486230170913
7209036539251490000000415330120913
7209036539254180000010388630160913
7209036539220670000008260830050813
7209036539232850000000250030210813
7209036539230860000000453030190813
7209036539238660000000092430280813
7209036539240900000000108430300813
7209036539229950000020133330160813
7209036539221730000000071730060813
7209036539229950000020895730160813
7209036539248710000009048930090913
7209036539197220000002965210041013
7209036539349950000004647430240513
7209036539197240000019912830041013
7209036539195470000000351930021013
7209036539334160000001928910111013
7209036539254180000012646830160913
7209036539197190000001089330041013
7209036539198910000001738230071013
7209036539201050000009989730091013
7209036539201050000009958930091013
7209036539198940000007180830071013
7209036539255430000000570830170913
7209036539197180000000753730041013
7209036539263240000011861030270913
7209036539195450000000022110021013
7209036539230400000000809630160813
7209036539242300000004563030020913
7209036539262110000003018230260913
7209036539265930000000803730011013
7209036539232850000003063630210813
7209036539240510000020691530300813
7209036539204250000009194030150713
7209036539197230000000559020041013
7209036539197180000003676530041013
7209036539200350000000058920081013
7209036539264930000001613030300913
7209036539252510000008405430130913
7209036539250590000000652130110913
7209036539255210000000144430170913
7209036539252900000000275830130913
7209036539368190000000182330170613
7209036539252540000000810630130913
7209036539246920000000533630060913
7209036539248270000000150830090913
7209036539240510000002044930300813
7209036539254320000002337930160913
7209036539248860000015153330090913
7209036539236620000011025030260813
7209036539239600000000311930290813
7209036539286160000000010430290713
7209036539265120000029160730011013
7209036539265900000001389530011013
7209036539259090000001757830230913
7209036539247320000000165130060913
7209036539249490000000739630100913
7209036539240940000000198530300813
7209036539261150000000980630250913
7209036539240940000000210530300813
7209036539240940000000203830300813
7209036539240940000000204730300813
7209036539245320000000155630040913
7209036539240940000000241130300813
7209036539288010000000017730300813
7209036539240940000000214530300813
7209036539241590000004073930020913
7209036539197180000001304030041013
7209036539197180000001303630041013
7209036539198910000000506830071013
7209036539198880000000220330071013
7209036539197180000001302630041013
7209036539197180000001304830041013
7209036539265120000042830330011013
7209036539255230000000494030170913
7209036539239010000000935830280813
7209036539198910000000509230071013
7209036539250530000002215430110913
7209036539197240000012445030041013
7209036539266110000000178130011013
7209036539252160000000251930120913
7209036539240600000040329830300813
7209036539264900000001335230300913
7209036539256440000000296330180913
7209036539238210000000656330270813
7209036539248860000017097030090913
7209036539264930000002768830300913
7209036539224530000009788030090813
7209036539265120000008345130011013
7209036539257640000000035730200913
7209036539197180000014762830041013
7209036539257510000001298730200913
7209036539261630000000115830250913
7209036539231630000000000830190813
7209036539252420000000444130130913
7209036539379650000004267430010713
7209036539260050000000857430240913
7209036539255180000000282430170913
7209036539253440000000926130160913
7209036539205660000000032120160713
7209036539251340000000330530120913
7209036539287080000000012130140813
7209036539264490000000487430300913
7209036539257640000000284330200913
7209036539255670000000559830170913
7209036539200360000000845030081013
7209036539264900000003660130300913
7209036539264490000000487530300913
7209036539265930000004087330011013
7209036539265120000009443230011013
7209036539264930000003562430300913
7209036539197370000000626130041013
7209036539254320000004817730160913
7209036539254320000021473830160913
7209036539252450000003525330130913
7209036539195600000002610330021013
7209036539264900000001425930300913
7209036539264900000001424630300913
7209036539264900000001424730300913
7209036539264900000001424330300913
7209036539264900000001424930300913
7209036539264900000001418930300913
7209036539264900000001418730300913
7209036539264900000001429430300913
7209036539264900000001419430300913
7209036539264900000001419330300913
7209036539264900000001418130300913
7209036539264900000001419130300913
7209036539264900000001421930300913
7209036539264900000001428530300913
7209036539264900000001431030300913
7209036539264900000001430930300913
7209036539264900000001431130300913
7209036539264900000001431230300913
7209036539264900000001418630300913
7209036539264900000001418430300913
7209036539264900000001418530300913
7209036539264900000001419230300913
7209036539263240000011152030270913
7209036539264900000001428130300913
7209036539264900000001427830300913
7209036539264900000001427930300913
7209036539264900000001428030300913
7209036539264900000001431530300913
7209036539264900000001430730300913
7209036539264900000001430830300913
7209036539197160000002069710041013
7209036539198130000000517410071013
7209036539262050000002976830260913
7209036539261120000006144430250913
7209036539263020000000343320270913
7209036539197240000008324830041013
7209036539195590000000194520021013
7209036539197220000000921510041013
7209036539264900000002861030300913
7209137904010130000000455930150113
7209036539240600000005262230300813
7209036539330470000001850930290413
7209036539252540000000273730130913
7209036539255290000000996430170913
7209036539245070000024726530040913
7209036539255650000000583630170913
7209036539245860000003336830050913
7209036539255230000002704830170913
7209036539264490000000264630300913
7209036539264930000013069730300913
7209036539247520000000547030060913
7209036539255230000001470530170913
7209036539264900000007018430300913
7209036539237010000000886630260813
7209036539237010000000886530260813
7209036539263020000000029220270913
7209036539233470000000281230210813
7209036539237010000000886130260813
7209036539229470000000345130150813
7209036539232940000004442830210813
7209036539232850000002063130210813
7209036539229950000013017930160813
7209036539229870000000513930160813
7209036539230400000000574330160813
7209036539229930000001860030160813
7209036539246920000000206330060913
7209036539245850000000417520050913
7209036539262110000003331030260913
7209036539265120000007687930011013
7209036539262260000000139830260913
7209036539201040000000782920091013
7209036539220650000002386110050813
7209036539197240000015049930041013
7209036539265120000000972830011013
7209036539257460000000100230200913
7209036539245070000018176230040913
7209036539254880000000281530160913
7209036539197230000002042620041013
7209036539197170000000181220041013
7209036539249980000000018830100913
7209036539257420000000374730200913
7209036539249980000000001830100913
7209036539257640000000249230200913
7209036539252660000000368530130913
7209036539254660000000257330160913
7209036539256440000000233130180913
7209036539259220000001096830230913
7209036539254320000003623830160913
7209036539263590000000012620270913
7209036539264920000000470720300913
7209036539254000000000001830160913
7209036539255200000000058120170913
7209036539239600000001174530290813
7209036539246960000003057130060913
7209036539230100000000932930160813
7209036539373760000004758230240613
7209036539378150000002004930280613
7209036539265100000005571410011013
7209036539248680000002159630090913
7209036539249590000000279030100913
7209036539254320000021809830160913
7209036539248860000005588430090913
7209036539260570000000611630240913
7209036539224530000012498830090813
7209036539265100000000349010011013
7209036539265970000000076110011013
7209036539265100000000349110011013
7209036539265100000000348810011013
7209036539265100000000348910011013
7209036539265100000001357510011013
7209036539265910000000946510011013
7209036539265100000002242010011013
7209036539265100000002801010011013
7209036539265100000002801310011013
7209036539254320000009815630160913
7209036539253050000001305330130913
7209036539220550000011580330050813
7209036539255230000000195030170913
7209036539197100000000519510041013
7209036539197350000000121310041013
7209036539240600000037207730300813
7209036539249940000001226030100913
7209036539240510000004634630300813
7209036539260050000001855530240913
7209036539249090000000796730090913
7209036539263040000000094530270913
7209036539237750000000205730270813
7209036539240600000012674230300813
7209036539263220000002680210270913
7209036539240510000007027830300813
7209036539220950000000098230050813
7209036539263100000000676410270913
7209036539261090000002854730250913
7209036539261120000009194930250913
7209036539265920000000057320011013
7209036539228570000001746830140813
7209036539224530000004473730090813
7209036539259220000001846430230913
7209036539220520000005586130050813
7209036539219460000000026730050813
7209036539220990000000361630050813
7209036539259220000002061330230913
7209036539264900000002033530300913
7209036539252510000007373130130913
7209036539252480000001480430130913
7209036539245890000012267230050913
7209036539248680000000417630090913
7209036539248860000014433230090913
7209036539265110000005265720011013
7209036539248710000001001530090913
7209036539249590000001362430100913
7209036539218440000000735630020813
7209036539244940000001845730040913
7209036539232940000000824930210813
7209036539261150000001823230250913
7209036539197100000000345510041013
7209036539198130000000237110071013
7209036539197220000005110710041013
7209036539197220000005110610041013
7209036539197220000005110810041013
7209036539197220000005160010041013
7209036539197220000005110910041013
7209036539197220000005160210041013
7209036539197220000002965010041013
7209036539197130000000260310041013
7209036539197130000000260510041013
7209036539197130000000260210041013
7209036539199220000000051210071013
7209036539199220000000051010071013
7209036539199220000000051110071013
7209036539197220000004428310041013
7209036539197220000002963110041013
7209036539197130000000260410041013
7209036539197220000002962610041013
7209036539197220000002962210041013
7209036539197220000002962310041013
7209036539197160000001493310041013
7209036539265100000003134510011013
7209036539197220000005159810041013
7209036539197220000005110510041013
7209036539197220000005159910041013
7209036539219100000000426030020813
7209036539212740000001963930260713
7209036539264400000000011010300913
7209036539265120000037929930011013
7209036539257420000004543830200913
7209036539229470000000296530150813
7209036539195920000000990630021013
7209036539232940000007073230210813
7209036539264930000027665730300913
7209036539265370000000307630300913
7209036539195150000000117030021013
7209036539197180000001057630041013
7209036539262080000000096330260913
7209036539199590000000295030071013
7209036539240510000002370030300813
7209036539252450000003796630130913
7209036539228040000006720030140813
7209036539245070000014279330040913
7209036539261120000009229530250913
7209036539229870000002644030160813
7209036539259060000004239730230913
7209036539213380000000260630260713
7209036539213380000000263730260713
7209036539350610000000659330240513
7209036539212300000000075530250713
7209036539260680000000177330240913
7209036539233470000000023330210813
7209036539233470000000023230210813
7209036539250240000000804830100913
7209036539246960000000509030060913
7209036539265850000000606810011013
7209036539238570000002108430280813
7209036539229950000015148030160813
7209036539240600000012679630300813
7209036539260050000001750830240913
7209036539261120000000569430250913
7209036539263240000001635230270913
7209036539263240000001635430270913
7209036539263240000009038030270913
7209036539263240000010889830270913
7209036539265100000009599110011013
7209036539260050000002001030240913
7209036539262010000000498830260913
7209036539260050000002042530240913
7209036539261150000002467630250913
7209036539265850000000555710011013
7209036539204240000007432730150713
7209036539249550000001390430100913
7209036539252480000001776430130913
7209036539241570000000651830020913
7209036539265110000005829820011013
7209036539254300000001887110160913
7209036539260550000000098810240913
7209036539261100000000329510250913
7209036539264910000003451810300913
7209036539264910000001551910300913
7209036539262030000000270010260913
7209036539264880000000338610300913
7209036539264910000002620910300913
7209036539264910000003451710300913
7209036539264910000002621310300913
7209036539264880000001744410300913
7209036539264880000001744210300913
7209036539264880000000338810300913
7209036539264940000000299610300913
7209036539265070000000075410300913
7209036539264880000000029810300913
7209036539264470000000179410300913
7209036539263130000000192510270913
7209036539331020000009525830300413
7209036539224530000008963430090813
7209036539236620000010198030260813
7209036539265100000003483510011013
7209036539265880000000095910011013
7209036539254180000002221230160913
7209036539236620000002248430260813
7209036539373880000002760430240613
7209036539375210000000157830250613
7209036539257810000000702730200913
7209036539254180000006924630160913
7209036539254150000001366230160913
7209036539254320000004014130160913
7209036539230930000000160630190813
7209036539229950000008310230160813
7209036539240600000034168930300813
7209036539236620000021222530260813
7209036539253050000000842830130913
7209036539255670000000212930170913
7209036539240510000014811930300813
7209036539240540000002317630300813
7209036539203880000000407730150713
7209036539197240000025872030041013
7209036539254180000002275430160913
7209036539259090000001520530230913
7209036539242720000000002430020913
7209036539260130000001280530240913
7209036539198150000002792530071013
7209036539262110000002082930260913
7209036539227430000000359030130813
7209036539265100000009351410011013
7209036539265910000000803510011013
7209036539265880000000262310011013
7209036539265940000000178610011013
7209036539197240000017480730041013
7209036539368310000000482830170613
7209036539195180000000888930021013
7209036539265120000000038130011013
7209036539265120000011218830011013
7209036539333250000000973310101013
7209036539254320000002341630160913
7209036539255430000000552630170913
7209036539255430000000868730170913
7209036539260570000001101630240913
7209036539259220000009132430230913
7209036539259220000017864330230913
7209036539195600000004148230021013
7209036539254150000002075730160913
7209036539195750000000504930021013
7209036539197240000013246430041013
7209036539264900000002448730300913
7209036539263240000007125630270913
7209036539264900000013750730300913
7209036539212710000004736530260713
7209036539265120000045869730011013
7209036539265370000000652030300913
7209036539229950000021027630160813
7209036539251470000000169010120913
7209036539216690000000165420310713
7209036539257460000000523230200913
7209036539223540000000361810080813
7209036539257450000000577830200913
7209036539229960000001230220160813
7209036539236490000010669830260813
7209036539237920000000751230270813
7209036539248860000011663930090913
7209036539258650000000049330230913
7209036539254320000015522130160913
7209036539255670000000263230170913
7209036539264880000000150810300913
7209036539245320000000088730040913
7209036539245320000000006230040913
7209036539245320000000092930040913
7209036539242420000012336130020913
7209036539249590000001439130100913
7209036539195190000000111710021013
7209036539254150000000622630160913
7209036539247920000000479330090913
7209036539262250000000002720260913
7209036539333250000000186310101013
7209036539243120000000596020020913
7209036539371010000001116430200613
7209036539241920000000128730020913
7209036539195530000000346130021013
7209036539228570000001393230140813
7209036539200950000000148430091013
7209036539215120000000356330290713
7209036539264470000000023010300913
7209036539240600000008077230300813
7209036539254320000016096530160913
7209036539240600000001486030300813
7209036539259220000003518330230913
7209036539260310000000568230240913
7209036539337670000001352230080513
7209036539254180000003360830160913
7209036539254320000018991630160913
7209036539245920000002072230050913
7209036539248220000000271330090913
7209036539248860000018029630090913
7209036539253050000001203930130913
7209036539379590000001937330010713
7209036539379650000004146930010713
7209036539343190000001906530150513
7209036539354330000000107030290513
7209036539253050000000090630130913
7209036539257510000000874830200913
7209036539236460000005100730260813
7209036539259090000001097230230913
7209036539252510000008289930130913
7209036539252480000000096930130913
7209036539245610000000004130040913
7209036539224520000002801320090813
7209036539248850000002707720090913
7209036539264900000003429930300913
7209036539262050000003410230260913
7209036539197220000000241610041013
7209036539197230000000096620041013
7209036539234860000004518530230813
7209036539248200000000013820090913
7209036539255430000000052830170913
7209036539263240000011359830270913
7209036539214880000010686530300713
7209036539248860000013163730090913
7209036539265120000005801330011013
7209036539224530000012906330090813
7209036539248860000015376530090913
7209036539240600000018810130300813
7209036539252660000000174630130913
7209036539200710000000533030100713
7209036539265120000024373430011013
7209036539238660000005422030280813
7209036539241590000002764730020913
7209036539240540000007107130300813
7209036539245890000000075230050913
7209036539195150000001102730021013
7209036539195600000000396630021013
7209036539264930000023863630300913
7209036539265120000005927330011013
7209036539254150000000256930160913
7209036539245920000009066930050913
7209036539224440000008669430090813
7209036539223560000001177630080813
7209036539195590000001246820021013
7209036539243580000000214520020913
7209036539239500000000052320290813
7209036539198910000000086530071013
7209036539198400000000022010071013
7209036539258390000000689830230913
7209036539360110000000231030060613
7209036539248710000006989330090913
7209036539265370000000399930300913
7209036539261540000000252530250913
7209036539209770000000823430230713
7209036539372960000000083130240613
7209036539360170000001135530060613
7209036539248840000003672610090913
7209036539242300000000510730020913
7209036539264870000000614630300913
7209036539264900000009979030300913
7209036539334960000001692830060513
7209036539328200000002988930260413
7209036539195870000000035430021013
7209036539343190000001280030150513
7209036539196260000002234130031013
7209036539343940000000754030150513
7209036539347940000000128530220513
7209036539330930000001413630300413
7209036539195210000000403230021013
7209036539264930000001115230300913
7209036539263090000000948830270913
7209036539229950000004116630160813
7209036539264900000003178630300913
7209036539206290000000182430170713
7209036539201370000000005830091013
7209036539265960000000921230011013
7209036539255670000000550530170913
7209036539257380000000759330200913
7209036539257420000004557230200913
7209036539265880000000079610011013
7209036539195510000000072610021013
7209036539194980000000015410021013
7209036539194980000000015510021013
7209036539195720000000004910021013
7209036539264880000001838910300913
7209036539264890000000078420300913
7209036539261150000007469030250913
7209036539265110000001690320011013
7209036539254470000000042120160913
7209036539265110000003081720011013
7209036539233870000002857130220813
7209036539255650000000004130170913
7209036539264910000000570810300913
7209036539226840000000049530130813
7209036539248860000007901030090913
7209036539265120000041760430011013
7209036539265120000041760530011013
7209036539265120000001759830011013
7209036539264930000000707130300913
7209036539264930000004292830300913
7209036539264930000000707430300913
7209036539264930000003276330300913
7209036539264930000005006630300913
7209036539265870000000839230011013
7209036539262260000000070830260913
7209036539262560000000207830260913
7209036539261120000000240030250913
7209036539261120000003795030250913
7209036539261090000003747330250913
7209036539265930000003008930011013
7209036539254320000021169030160913
7209036539255210000000007730170913
7209036539195210000001107130021013
7209036539263120000004845430270913
7209036539260080000000431330240913
7209036539261150000002689930250913
7209036539263150000000626430270913
7209036539259220000002269430230913
7209036539264900000000649130300913
7209036539264870000000510730300913
7209036539265370000000663330300913
7209036539264900000000647830300913
7209036539263120000000118630270913
7209036539265120000032285330011013
7209036539264930000004292730300913
7209036539264490000000622330300913
7209036539261090000001469430250913
7209036539261090000000340730250913
7209036539261120000000242330250913
7209036539261090000000342330250913
7209036539263240000008177530270913
7209036539195210000000117330021013
7209036539264930000011594630300913
7209036539265120000001759730011013
7209036539265120000001761130011013
7209036539265120000001759430011013
7209036539265120000001759630011013
7209036539265120000001759530011013
7209036539265120000001003930011013
7209036539263120000004453630270913
7209036539263240000000929130270913
7209036539263240000000922130270913
7209036539265900000001733630011013
7209036539264930000000708030300913
7209036539264930000004293030300913
7209036539264930000005092530300913
7209036539265120000010627130011013
7209036539265120000044651230011013
7209036539265120000001761530011013
7209036539265120000016673530011013
7209036539264930000000707630300913
7209036539265990000000615430011013
7209036539265120000032292730011013
7209036539265120000001759930011013
7209036539264930000003569130300913
7209036539264930000000706630300913
7209036539264930000000706830300913
7209036539265900000000594930011013
7209036539266110000000033330011013
7209036539265120000042530830011013
7209036539264930000004292630300913
7209036539264930000000704230300913
7209036539264490000001558530300913
7209036539263090000000471030270913
7209036539264930000003275730300913
7209036539265930000003006930011013
7209036539264930000004291130300913
7209036539265900000000593230011013
7209036539265930000005382630011013
7209036539265900000000593330011013
7209036539375700000004258530260613
7209036539265120000001759330011013
7209036539264930000000707030300913
7209036539264930000000707530300913
7209036539265120000013228830011013
7209036539265930000000022930011013
7209036539265930000000022630011013
7209036539265930000000022730011013
7209036539265930000003008530011013
7209036539265120000016669530011013
7209036539265120000016669930011013
7209036539265120000016670030011013
7209036539265120000016670130011013
7209036539261120000000242130250913
7209036539265370000000283730300913
7209036539197630000000425730050713
7209036539197630000000426030050713
7209036539196560000002004530040713
7209036539196560000002004130040713
7209036539379590000001324130010713
7209036539197630000000046630050713
7209036539378320000002010830280613
7209036539375210000000195630250613
7209036539200440000001196930090713
7209036539196560000002004230040713
7209036539375210000000157630250613
7209036539196560000001983830040713
7209036539197630000000024530050713
7209036539195910000001989530040713
7209036539200440000001197430090713
7209036539212300000000883930250713
7209036539255230000002787830170913
7209036539376960000000006730270613
7209036539259220000006609630230913
7209036539247920000000855230090913
7209036539254320000008246630160913
7209036539196960000001970630050713
7209036539220670000008091330050813
7209036539255430000000715830170913
7209036539330990000001008830300413
7209036539373880000026008230240613
7209036539248840000002638910090913
7209036539252510000005260230130913
7209036539252110000000156330120913
7209036539220670000016624930050813
7209036539232940000007052830210813
7209036539254180000002296330160913
7209036539240510000003479630300813
7209036539195600000004227030021013
7209036539334100000000961510111013
7209036539259220000018557630230913
7209036539262090000001200710260913
7209036539260310000000599430240913
7209036539261870000000002910260913
7209036539251830000000484630120913
7209036539336760000000393210151013
7209036539248710000006717030090913
7209036539263220000002636210270913
7209036539263070000000068010270913
7209036539263070000000068110270913
7209036539263070000000277310270913
7209036539263770000000039110270913
7209036539203880000000266130150713
7209036539257510000004620130200913
7209036539260490000000013930240913
7209036539245860000001665630050913
7209036539259220000010828130230913
7209036539218530000001519530020813
7209036539259060000004514330230913
7209036539259090000000063430230913
7209036539259220000010619230230913
7209036539259090000000191130230913
7209036539240600000032802830300813
7209036539248710000005083330090913
7209036539245070000001713730040913
7209036539265920000000291920011013
7209036539265120000039932430011013
7209036539265540000000269430300913
7209036539243740000000048430020913
7209036539233760000000235430220813
7209036539227890000000019330140813
7209036539229950000021006930160813
7209036539236490000001336530260813
7209036539226120000008499330120813
7209036539229950000015803930160813
7209036539228360000000869830140813
7209036539254320000017384130160913
7209036539229900000000773130160813
7209036539220670000008411030050813
7209036539240510000002507430300813
7209036539242420000006551630020913
7209036539244830000000440110040913
7209036539237430000000965830270813
7209036539236100000000244430260813
7209036539236490000003314330260813
7209036539228910000000979230150813
7209036539378250000001296330280613
7209036539212710000001050730260713
7209036539227640000000068730130813
7209036539242280000000042410020913
7209036539245900000000934410050913
7209036539331020000004254330300413
7209036539243080000000016410020913
7209036539230930000000223930190813
7209036539218440000000016630020813
7209036539242410000002042320020913
7209036539363320000000124130100613
7209036539226960000000305230130813
7209036539240600000014667330300813
7209036539216640000000401530310713
7209036539230400000000404930160813
7209036539232940000003398330210813
7209036539236600000004834810260813
7209036539236440000001100610260813
7209036539236600000004522010260813
7209036539232940000000321430210813
7209036539236620000022337630260813
7209036539229870000001160630160813
7209036539221510000001015830060813
7209036539220670000005031530050813
7209036539204240000006733830150713
7209036539242270000001063630020913
7209036539245070000008650830040913
7209036539245070000002649930040913
7209036539248850000002835920090913
7209036539240540000004081430300813
7209036539242420000001910930020913
7209036539240540000009346830300813
7209036539236620000028516630260813
7209036539363320000000131130100613
7209036539240600000019313930300813
7209036539240510000015576630300813
7209036539247530000000031410060913
7209036539247300000000001310060913
7209036539240550000000705110300813
7209036539240710000000082410300813
7209036539248840000000152710090913
7209036539248840000000401810090913
7209036539242320000000582030020913
7209036539229950000015189830160813
7209036539200440000000212430090713
7209036539240730000001139230300813
7209036539232780000000004630210813
7209036539220550000006799930050813
7209036539245050000001533810040913
7209036539239590000000103220290813
7209137904082420000000267530160413
7209036539205350000000053220160713
7209036539220470000000482410050813
7209036539240520000001816710300813
7209036539240710000000207110300813
7209036539236620000010995030260813
7209036539229950000013223530160813
7209036539217010000000100330310713
7209036539232880000001585430210813
7209036539236460000001499630260813
7209036539217670000004613930010813
7209036539236620000022229330260813
7209036539237540000000310730270813
7209036539287750000000021530270813
7209036539233870000002953930220813
7209036539216670000001044430310713
7209036539236100000000272630260813
7209036539235460000000080730230813
7209036539232940000001306230210813
7209036539229950000020933230160813
7209036539229950000020935030160813
7209036539217670000009997730010813
7209036539217640000000914830010813
7209036539226840000000024930130813
7209036539227980000000654730140813
7209036539223560000000817730080813
7209036539374570000001246430250613
7209036539232850000000345830210813
7209036539232850000000345730210813
7209036539230880000001684930190813
7209036539238660000001220930280813
7209036539237870000001763130270813
7209036539375700000004983230260613
7209036539236490000010862130260813
7209036539236620000028659030260813
7209036539217670000001429630010813
7209036539217670000008909230010813
7209036539230900000000042010190813
7209036539239520000000031410290813
7209036539239520000000027910290813
7209036539204210000000736130150713
7209036539204240000002122830150713
7209036539229950000015099530160813
7209036539229950000015124930160813
7209036539238640000001134910280813
7209036539240490000002959910300813
7209036539221130000000435930050813
7209036539221560000003094230060813
7209036539227990000000258310140813
7209036539231350000000320330190813
7209036539229950000019081730160813
7209036539229870000009225530160813
7209036539228010000001274130140813
7209036539236460000006023930260813
7209036539229950000008791030160813
7209036539362820000000441430100613
7209036539233870000001425930220813
7209036539197420000001345230050713
7209036539369750000000071030180613
7209036539231160000000043730190813
7209036539230790000000245630190813
7209036539250240000000045230100913
7209036539247320000001851030060913
7209036539263580000000054210270913
7209036539265100000001067210011013
7209036539245070000025701630040913
7209036539263130000000354210270913
7209036539229000000000104930150813
7209036539232850000002429430210813
7209036539252060000000019920120913
7209036539252510000003302930130913
7209036539260070000000133820240913
7209036539239020000000054410280813
7209036539213250000000147930260713
7209036539245530000000000120040913
7209036539233840000000022130220813
7209036539232940000004760530210813
7209036539229000000000773530150813
7209036539236490000012614430260813
7209036539240580000002299710300813
7209036539224470000000982330090813
7209036539240710000000090110300813
7209036539239790000000032510290813
7209036539240550000000021310300813
7209036539242280000001351710020913
7209036539240490000000586110300813
7209036539230560000000120830160813
7209036539214650000009987430290713
7209036539222560000001070230070813
7209036539216670000003499830310713
7209036539196930000005695930050713
7209036539198930000002211430080713
7209036539205640000000467130160713
7209036539229950000010850330160813
7209036539224530000013443330090813
7209036539229000000002577730150813
7209036539204210000000378730150713
7209036539196990000006461530050713
7209036539216670000006140030310713
7209036539229900000001016330160813
7209036539231920000000027830190813
7209036539215040000000848830290713
7209036539214650000004817430290713
7209036539230930000000191530190813
7209036539236620000000501430260813
7209036539331040000001080830300413
7209036539208880000011394230220713
7209036539238660000005127730280813
7209036539235280000000785530230813
7209036539236420000001788230260813
7209036539236420000001788130260813
7209036539228040000002021630140813
7209036539229950000015108130160813
7209036539224530000011485430090813
7209036539330470000000390930290413
7209036539353300000000413230280513
7209036539330070000002240530290413
7209036539353920000002137930290513
7209036539236460000001421030260813
7209036539236620000018095430260813
7209036539234860000001947830230813
7209036539212710000000472630260713
7209036539232940000000599230210813
7209036539231160000000093330190813
7209036539229950000015157030160813
7209036539224440000001780130090813
7209036539221130000000142730050813
7209036539218440000000112730020813
7209036539354860000000513430310513
7209036539224940000000061430090813
7209036539231920000000066330190813
7209036539231920000000066230190813
7209036539231920000000171230190813
7209036539240150000000003920290813
7209036539230860000000506830190813
7209036539230860000000507030190813
7209036539230860000000506530190813
7209036539230860000000508730190813
7209036539230860000000507830190813
7209036539230860000000511530190813
7209036539230880000001685930190813
7209036539220670000024764330050813
7209036539248680000001103030090913
7209036539242300000001760830020913
7209036539252450000000757030130913
7209137904082400000000031830160413
7209036539262060000000053610260913
7209036539261160000000035130250913
7209036539259220000015940130230913
7209036539265070000000298710300913
7209036539252420000000908630130913
7209036539257510000008729330200913
7209036539250240000000552130100913
7209036539224530000010765030090813
7209036539229950000013409730160813
7209036539229870000009164330160813
7209036539228040000001484830140813
7209036539229950000008838530160813
7209036539229950000001891830160813
7209036539229950000005127930160813
7209036539229870000001948630160813
7209036539230330000000541130160813
7209036539229950000013647130160813
7209036539230070000000011230160813
7209036539229950000013636530160813
7209036539229870000004010830160813
7209036539229950000013648130160813
7209036539229950000008844230160813
7209036539229950000013646230160813
7209036539229950000013645930160813
7209036539229950000013648230160813
7209036539229870000001949230160813
7209036539229870000010758930160813
7209036539229900000004947430160813
7209036539229870000000588130160813
7209036539229870000004014330160813
7209036539229840000002383630160813
7209036539230880000001696130190813
7209036539229870000004011630160813
7209036539229870000006621430160813
7209036539229950000008732830160813
7209036539230210000000134230160813
7209036539229950000013638730160813
7209036539229870000004015230160813
7209036539235230000000546430230813
7209036539230880000001684630190813
7209036539229000000004274930150813
7209036539230880000001689130190813
7209036539238540000000504130280813
7209036539237550000000020820270813







